x = [1, 2; 400, 3]

y = [1, 2; 255, 3]

z = y + 1
